0 8 999 999 999 999 999 16 999
8 0 16 999 999 999 999 22 999
999 16 0 14 999 8 999 999 4
999 999 14 0 18 28 999 999 999
999 999 999 18 0 20 999 999 999
999 999 8 28 20 0 4 999 999
999 999 999 999 999 4 0 2 12
16 22 999 999 999 999 2 0 14
999 999 4 999 999 999 12 14 0

