	0	1	2	3	4
0	0	3	99	7	99
1	3	0	4	2	99
2	99	4	0	5	6
3	7	2	5	0	4
4	99	99	6	4	0



0 70 17 99 52 99
99 0 22 29 17 99
27 99 0 22 99 99
99 27 99 0 42 99
99 99 99 37 0 99
99 99 99 10 99 0

0 3 99 7 99
3 0 4 2 99 
99 4 0 5 6 
7 2 5 0 4
99 99 6 4 0


n=6
0 3 99 99 5 6
3 0 1 99 4 99
99 1 0 6 4 99
99 99 6 0 5 8
5 4 4 5 0 2
6 99 99 8 2 0

n=9
0 8 99 99 99 99 99 16 99
8 0 16 99 99 99 99 22 99
99 16 0 14 99 8 99 99 4
99 99 14 0 18 28 99 99 99
99 99 99 18 0 20 99 99 99
99 99 8 28 20 0 4 99 99
99 99 99 99 99 4 0 2 12
16 22 99 99 99 99 2 0 14
99 99 4 99 99 99 12 14 0












